for written computation:

a
[2 7 8 2]
z
[ 0.88079708  0.99908895  0.99966465  0.88079708]
b
[ 2.76044275  3.64296693  4.52261261]
y_pred
[ 0.10820103  0.26152113  0.63027784]
J
1.34124021076
g_y_pred
[ 0 -3  0]
g_b
[[ 0.08489057 -0.57938348  0.49449291]]
g_beta
[[ 0.08489057  0.07477136  0.08481323  0.0848621   0.07477136]
 [-0.57938348 -0.51031928 -0.57885563 -0.57918918 -0.51031928]
 [ 0.49449291  0.43554791  0.49404241  0.49432709  0.43554791]]
g_z
[[ 0.        ]
 [ 0.98898583]
 [ 1.24365753]
 [-1.24365753]
 [-0.57938348]]
g_a
[[ 0.          0.10383717  0.001132   -0.00041692 -0.06083155]]
g_alpha
[[ 0.10383717  0.10383717  0.10383717  0.          0.          0.10383717
   0.10383717]
 [ 0.001132    0.001132    0.001132    0.          0.          0.001132
   0.001132  ]
 [-0.00041692 -0.00041692 -0.00041692 -0.         -0.         -0.00041692
  -0.00041692]
 [-0.06083155 -0.06083155 -0.06083155 -0.         -0.         -0.06083155
  -0.06083155]]
updated_alpha
[[  8.96162832e-01   8.96162832e-01   1.89616283e+00  -3.00000000e+00
    0.00000000e+00   8.96162832e-01  -3.10383717e+00]
 [  9.98867997e-01   2.99886800e+00   9.98867997e-01   2.00000000e+00
    1.00000000e+00  -1.13200342e-03   1.99886800e+00]
 [  1.00041692e+00   2.00041692e+00   2.00041692e+00   2.00000000e+00
    2.00000000e+00   2.00041692e+00   1.00041692e+00]
 [  1.06083155e+00   1.06083155e+00   6.08315489e-02   2.00000000e+00
    1.00000000e+00  -1.93916845e+00   2.06083155e+00]]
updated_beta
[[ 0.91510943  0.92522864  1.91518677 -2.0848621   0.92522864]
 [ 1.57938348  1.51031928 -0.42114437  1.57918918  2.51031928]
 [ 0.50550709  2.56445209  0.50595759 -1.49432709  0.56445209]]
y_pred
[ 0.01932724  0.96515856  0.01551419]
